1762719777
1721825977
2109576703
1868100197
2642194765
2546344800
2650725932
1249193625
1599464160
1773041022
1892507065
1396715380
1749127163
1684388950
3202399761
1876580227
2627198234
2056680561
1890174912
1914525905
2349940547
1998632394
1969054465
3217247002
3242759795
2373156050
2627787531
1735995023
5252550107
1926283562
3172623731
2557120465
1412882584
2630646082
1772440677
1408329341
1319506252
1649667445
1281928792
1590195197
1751195602
1649155730
1784984663
1928785662
1403266854
2671109275
2639425535
3299430234
1409839071
2425908453
2004287405
2952723637
2723705783
1906803503
2283720217
2258248407
1736329970
1510126321
1527202452
1668576570
1680448231
1661991503
1661990277
1656599602
2673619603
2866919742
1960287327
1564334263
1781982647
2719512723
2230963147
1677066125
2093263971
2052571867
2035727943
1770277210
1863435922
1618051664
1653689003
1943721037
1770546095
1900256570
2194656173
2208943763
1431709705
1406491360
1751358725
1868987403
1783349511
1906024075
1870781823
1926558087
2172291830
2213250414
1959455187
1859013010
1862214453
1882461217
1747837917
2106976510
2127901641
2060382270
2312919664
2029769562
2028036777
2257453834
2163575770
2153748262
223223220
1946327724
1793920967
2158201793
1903035003
2026030454
2156970625
1717696667
2121917762
2158988205
2153708024
2157496631
2153798570
2029505005
2216710482
2106757802
2512624165
1310034674
2532685054
2641378381
2701803817
2842439040
1808358702
2728810940
2660370292
1815333150
2660412130
2568227595
2490849642
1690542943
3028189691
2941808997
2390577184
1632610894
2163628270
2357249892
2012938760
2040976891
1767619204
1735618041
1296504707
2280176151
1622965122
3031776411
3216138387
2006528435
2671109275
2965094194
1781465411
2648513691
1797285261
2329878550
2238700785
2188748422
2606335015
2296389780
2702080310
2909989831
2922750501
1260072204
1973003715
2869552872
1596145901
1261510170
1895344340
1890732342
1730193611
1413304027
1883242182
1691218333
1320313840
1744802543
1879843750
1959328093
1941798847
1919249623
1702687362
1642529460
1672098223
1905620801
1018281344
1886233760
1736191837
1784467952
1409650671
1708284705
1878722603
1974543321
1886161660
1854748893
1868856937
1876555740
1696852814
1028094453
1195795915
1870838983
1245758104
1922233745
1727466295
1687027212
1747097800
1875036793
1662946631
1858790932
1871793220
1280550645
1130879322
1874779631
1795712077
1830259223
1440241722
2208093572
1009175737
1854206830
2365229405
1592668251
1876817100
1704007294
3163213212
3200240564
1764669250
2049875433
1797445574
2070710783
1862482541
2590667293
2336002585
2851883230
3884634684
1657476130
1905007137
3191910462
2759751670
3708407687
1265061803
1680990025
1825024942
2718154313
1887144667
1596311782
1249193625
2402235543
1174039257
1976636957
2117983872
1740241204
1784339944
2147531173
1311585100
2175483744
1935659720
1141114155
1834528953
1679645544
3550679687
1267580610
1624763627
2542602833
2322881483
2614813575
1729525784
1733303073
2785998592
1039583321
1708872402
1865353293
1401829781
1728574320
2317959961
1833751452
1867771811
2600435340
1911540964
1130008477
2255312575
2121755961
2078449845
1958870603
2473920282
2287987790
1063046537
1416778130
1857150145
1611622403
2079912247
2288486705
1274689160
1673457053
1911380403
1921103731
2459176692
2612971985
3397236634
2426757202
1924991324
2645885983
3247148422
3222963290
3811385169
3810634626
3803438538
3803485184
3090916341
2287283117
1774862771
1808035734
2538216571
1191044977
1355015334
1410014250
2237991097
3042495472
1762218684
1649475244
1778759237
1987556580
2637388272
1722628512
3549916270
3802580928
1986954045
2991783761
2280198017
2372849541
1854869497
3248030143
2912143721
1070575483
1685786430
2921242882
1559236912
3200498577
1681682181
3219846473
1903564705
2409058490
1944847090
1007684901
2742414961
2214080013
2094477777
2671594233
1938330147
2659179051
3191038210
2048232912
2803301701
3300565481
1407032832
3207217613
2205860842
1737959845
3947726205
1857150145
1197950454
1667554942
2428033675
3535242221
1951678800
2854748564
2082298333
1709280027
2597663542
2138521983
3833842241
3086370033
2849495972
3310419585
3786849330
2626722891
2435174742
3994853718
2955693340
1821842623
1645879285
3079294415
1660469195
3050421761
2881647840
1502358894
3204287091
1667969605
1894370271
2386507674
1971885491
1896450957
3192213701
1907183965
1600696692
1245883984
1758388823
2018079224
1710983777
1882130714
1908648992
1271017262
1736419192
1146120470
1350947532
1662673073
1250405281
1214176581
2743345303
3198568973
2521277214
1660452532
1739707425
3191652504
5066181110
3290875641
3862561150
2416292662
2730259874
1618051664
2956560113
2764485565
2872998420
1926082815
1652194081
1642635773
1644572034
1868185585
1828670133
1658071462
1888065242
1880644580
1708004923
1639356433
1134796120
1646465281
1744762545
1644574352
2672331597
1725942280
2431006924
2928904282
1990020994
2206430561
2807272122
2697416452
1198392970
1707679453
1195354434
1198213514
1629966190
1687442645
1442054902
1191808911
2871481894
2141599627
1682352065
2154332097
1826513532
1784537661
1640369797
1821779513
2030553181
1609601990
2865691900
2926067235
3754195532
3086951525
1587706971
2964603382
3177905764
3177703210
2671109275
3120105480
2612799563
2001424242
2816792060
2718308301
1874960183
2754798761
1660196242
3171330674
1455632703
3071789073
1870458911
2912473701
1893278624
1660395474
1298840323
2371577537
1157025242
2576582941
1803814487
1920894063
3238002784
2135529191
2612482265
1642635773
2319776334
1982457492
1863840043
1649543975
2411387194
2173678263
2090380661
2525636520
2300716454
1682352065
5303373105
2129999320
3303810634
2629084881
1859725854
2626690453
1758486721
3368110604
2931095653
3237706872
2913582203
2612799563
1689980344
1863089382
1919114090
3913965348
2590747532
1870458911
1680556193
1730714982
2126032191
1775854855
2183344835
1283471073
2288411912
1823771100
1285625527
2050508072
2175088680
2025916565
1720038800
2020460713
2302211982
2419664080
2377892902
2054847303
1933719695
2032067175
1772952662
1757353251
1721825977
1846954047
1920842167
1882979824
3805445981
1268652813
2858032360
1738028520
1237074602
1831887773
5043764351
3181199897
1055876212
1408205170
3083675110
2101445054
3966680083
1816835210
2867284742
1792702427
2079591603
2263438892
3096705951
2858056932
1960732503
1938594462
1862848037
1526340797
1875034341
1663309857
1395442123
2612467497
1698896163
1790596553
1914100420
2326135371
2779786734
2813165271
1769787285
1668684061
1801817195
1819621657
1266321801
2295069272
1411951447
3083675110
5126161537
5112164750
3214276097
1914100420
1304194202
1477045392
2732055990
1395361813
1618051664
1642591402
1682352065
1362607654
1899810091
1884307507
2318754072
1997509257
2959613994
2696049583
1808109392
2162339685
1907345040
1135520725
2375545650
1644314892
2171651814
2330230500
1506142182
2679381427
1656213002
2337211092
3310377062
2258131180
3876416031
1798331783
1901288857
2272783413
2781763037
2674956853
2368046063
1576880507
1678870364
1729095704
1881332900
1214902640
3159842695
1767277115
3170251461
1764613261
1816573005
1887797105
1968669663
1428355482
3024603595
2231823773
1845796791
2348619881
2310975197
1843974027
2133165343
1410156481
2906066773
1752467960
1785075474
1028770973
1407117377
1487942350
1276683470
1455593297
1846389767
1788440931
1909881853
2258208755
2171909310
2174141074
1914511993
2088247582
2087548004
2141124141
2141182377
2088221554
1414770043
2135770430
2135763134
2135740224
2135753444
2135758890
2078289332
2080088960
2082378830
2080163304
2034310934
2034781974
2137611450
2151349592
2087499740
2141187167
2171915732
2153728254
2153832794
2153834920
2153734894
1885454921